image: robocup_demo.pgm
resolution: 0.050000
origin: [-1.356027, -2.958483, 0.000000]
negate: 0
occupied_thresh: 0.65
free_thresh: 0.196

