image: map.pgm
resolution: 0.030000
origin: [-2.90272188187, -1.0, 0.000000]
negate: 0
occupied_thresh: 0.65
free_thresh: 0.196

